     1      2.14610      2.92520      0.77910      0.20000 
     2      4.14230      3.14610     -0.99620      0.32310 
     3      2.26300      3.38369      1.12069      0.44620 
     4      3.57390      3.63901      0.06511      0.56920 
     5      5.15650      3.91382     -1.24268      0.69230 
     6      3.59530      4.20938      0.61408      0.81540 
     7      4.01240      4.52726      0.51486      0.93850 
     8      4.21830      4.86887      0.65057      1.06150 
     9      4.86030      5.23655      0.37625      1.18460 
    10      5.58940      5.63201      0.04261      1.30770 
    11      6.88090      6.05733     -0.82357      1.43080 
    12      5.70950      6.51438      0.80488      1.55380 
    13      5.97330      7.00633      1.03303      1.67690 
    14      7.23570      7.53544      0.29974      1.80000 
    15      7.06850      8.10450      1.03600      1.92310 
    16      8.42220      8.71653      0.29433      2.04620 
    17      8.70950      9.37423      0.66473      2.16920 
    18      8.14430     10.08216      1.93786      2.29230 
    19     10.84220     10.84354      0.00134      2.41540 
    20     11.25830     11.66243      0.40413      2.53850 
    21     13.06490     12.54241     -0.52249      2.66150 
    22     14.04410     13.48959     -0.55451      2.78460 
    23     15.48360     14.50829     -0.97531      2.90770 
    24     15.97130     15.60393     -0.36737      3.03080 
    25     17.24190     16.78132     -0.46058      3.15380 
    26     17.62310     18.04861      0.42551      3.27690 
    27     20.36140     19.41161     -0.94980      3.40000 
    28     21.89910     20.87753     -1.02157      3.52310 
    29     21.76090     22.45416      0.69326      3.64620 
    30     23.31240     24.14843      0.83603      3.76920 
    31     26.08630     25.97207     -0.11423      3.89230 
    32     28.70130     27.93343     -0.76787      4.01540 
    33     31.71750     30.04291     -1.67459      4.13850 
    34     33.21390     32.30977     -0.90413      4.26150 
    35     35.89450     34.74975     -1.14475      4.38460 
    36     38.13270     37.37398     -0.75872      4.50770 
    37     39.42800     40.19638      0.76838      4.63080 
    38     41.71890     43.22938      1.51048      4.75380 
    39     45.22960     46.49399      1.26439      4.87690 
    40     50.09980     50.00512     -0.09468      5.00000 
