   1    2    2    1    2    1   4 
   1    3    2    3    2    3   4 
   1    4    2    4    2    4   7 
   1    5    2    6    2    6  13 
   1    6    2    5    2    5  10 
   2    3    1    3    1    3   7 
   2    4    1    4    1    4  10 
   2    5    1    6    1    6  16 
   2    6    1    5    1    5  13 
   3    4    3    4    3    4   4 
   3    5    3    6    3    6  10 
   3    6    3    5    3    5   7 
   4    5    4    6    4    6   7 
   4    6    4    5    4    5   4 
   5    6    6    5    6    5   4 
