# 1. cluster number
# 2. first element
# 3. second element
# 4. number of objects
# 5. minimal element
# 6. maximal element
# 7. next on left side
# 8. next on right side
# 9. index

   1    0    0    1    1    1    2    0     0.0000 
   2    0    0    1    2    2    3    1     0.0000 
   3    0    0    1    3    3    4    2     0.0000 
   4    0    0    1    4    4    5    3     0.0000 
   5    0    0    1    5    5    6    4     0.0000 
   6    0    0    1    6    6    0    5     0.0000 
   7    2    1    2    2    1    0    0     4.0000 
   8    3    2    2    3    2    0    0     4.0000 
   9    4    3    2    4    3    0    0     4.0000 
  10    5    4    2    5    4    0    0     4.0000 
  11    6    5    2    6    5    0    0     4.0000 
  12    8    7    3    3    1    0    0     7.0000 
  13    9    8    3    4    2    0    0     7.0000 
  14   10    9    3    5    3    0    0     7.0000 
  15   11   10    3    6    4    0    0     7.0000 
  16   13   12    4    4    1    0    0    10.0000 
  17   14   13    4    5    2    0    0    10.0000 
  18   15   14    4    6    3    0    0    10.0000 
  19   17   16    5    5    1    0    0    13.0000 
  20   18   17    5    6    2    0    0    13.0000 
  21   20   19    6    6    1    0    0    16.0000 
