   1    2     5.9040     5.9043 
   1    3     4.7457     4.7460 
   1    4     5.2444     5.2439 
   1    5     2.5989     2.5989 
   1    6     4.2215     4.2217 
   1    7     2.5303     2.5301 
   1    8     3.3970     3.3969 
   2    3     3.8702     3.8702 
   2    4    10.9299    10.9297 
   2    5     4.8507     4.8505 
   2    6     4.9722     4.9721 
   2    7     7.0072     7.0072 
   2    8     9.2047     9.2048 
   3    4     9.8665     9.8664 
   3    5     5.5954     5.5952 
   3    6     1.2847     1.2846 
   3    7     6.9889     6.9888 
   3    8     7.9742     7.9743 
   4    5     6.3677     6.3674 
   4    6     9.0778     9.0778 
   4    7     4.1922     4.1918 
   4    8     1.8931     1.8929 
   5    6     5.6570     5.6568 
   5    7     2.2219     2.2220 
   5    8     4.9021     4.9023 
   6    7     6.6659     6.6658 
   6    8     7.1924     7.1926 
   7    8     2.9565     2.9566 
