Original distance matrix
   -1.0000     5.9040     4.7457     5.2444     2.5989     4.2215     2.5303     3.3970 
    5.9040    -1.0000     3.8702    10.9299     4.8507     4.9722     7.0072     9.2047 
    4.7457     3.8702    -1.0000     9.8665     5.5954     1.2847     6.9889     7.9742 
    5.2444    10.9299     9.8665    -1.0000     6.3677     9.0778     4.1922     1.8931 
    2.5989     4.8507     5.5954     6.3677    -1.0000     5.6570     2.2219     4.9021 
    4.2215     4.9722     1.2847     9.0778     5.6570    -1.0000     6.6659     7.1924 
    2.5303     7.0072     6.9889     4.1922     2.2219     6.6659    -1.0000     2.9565 
    3.3970     9.2047     7.9742     1.8931     4.9021     7.1924     2.9565    -1.0000 

Fitted distance matrix
    0.0000     6.6297     4.8604     5.1592     0.7857     4.1070     1.4959     3.4294 
    6.6297     0.0000     1.7692    11.7888     5.8439     2.5226     8.1255    10.0591 
    4.8604     1.7692     0.0000    10.0196     4.0747     0.7534     6.3563     8.2899 
    5.1592    11.7888    10.0196     0.0000     5.9449     9.2662     3.6633     1.7297 
    0.7857     5.8439     4.0747     5.9449     0.0000     3.3213     2.2816     4.2152 
    4.1070     2.5226     0.7534     9.2662     3.3213     0.0000     5.6029     7.5364 
    1.4959     8.1255     6.3563     3.6633     2.2816     5.6029     0.0000     1.9335 
    3.4294    10.0591     8.2899     1.7297     4.2152     7.5364     1.9335     0.0000 
