Original distance matrix
    0.0000     5.9040     4.7457     5.2444     2.5989     4.2215     2.5303     3.3970 
    5.9040     0.0000     3.8702    10.9299     4.8507     4.9722     7.0072     9.2047 
    4.7457     3.8702     0.0000     9.8665     5.5954     1.2847     6.9889     7.9742 
    5.2444    10.9299     9.8665     0.0000     6.3677     9.0778     4.1922     1.8931 
    2.5989     4.8507     5.5954     6.3677     0.0000     5.6570     2.2219     4.9021 
    4.2215     4.9722     1.2847     9.0778     5.6570     0.0000     6.6659     7.1924 
    2.5303     7.0072     6.9889     4.1922     2.2219     6.6659     0.0000     2.9565 
    3.3970     9.2047     7.9742     1.8931     4.9021     7.1924     2.9565     0.0000 

Fitted distance matrix
    0.0000     4.0000     3.0000     3.0000     1.0000     2.0000     1.0000     2.0000 
    4.0000     0.0000     1.0000     7.0000     3.0000     2.0000     5.0000     6.0000 
    3.0000     1.0000     0.0000     6.0000     2.0000     1.0000     4.0000     5.0000 
    3.0000     7.0000     6.0000     0.0000     4.0000     5.0000     2.0000     1.0000 
    1.0000     3.0000     2.0000     4.0000     0.0000     1.0000     2.0000     3.0000 
    2.0000     2.0000     1.0000     5.0000     1.0000     0.0000     3.0000     4.0000 
    1.0000     5.0000     4.0000     2.0000     2.0000     3.0000     0.0000     1.0000 
    2.0000     6.0000     5.0000     1.0000     3.0000     4.0000     1.0000     0.0000 
