2.79 2.79 2.79 2.615 17.98 2.44 2.79 
2.09 2.09 2.2375 2.2175 6.035 2.0625 2.17188 
1.9 1.98 1.9875 1.9675 1.9875 1.9875 1.9 
1.98 1.9 1.88 1.8425 1.92 1.8225 1.7925 
1.51 1.51 1.7225 1.5175 1.92 1.725 1.635 
1.07 1.51 1.7675 1.49 2.0425 1.8275 1.64875 
2.31 2.31 2.2075 2.0975 2.325 2.2075 2.02625 
2.7 2.7 2.765 2.765 2.765 2.765 2.58938 
3.35 3.35 3.86 3.86 3.86 3.86 3.75813 
6.04 6.04 5.5825 5.5825 5.5825 5.5825 5.5175 
6.9 6.9 7.4875 7.4875 7.4875 7.4875 7.4225 
10.11 10.11 10.0025 10.0025 10.0025 10.0025 9.98062 
12.89 12.89 12.4025 12.4025 12.4025 12.4025 12.4669 
13.72 13.72 14.1125 14.1125 14.1125 14.1125 14.22 
16.12 16.12 15.6625 15.76 15.6625 15.6625 15.8575 
17.08 16.69 16.595 16.7425 16.595 16.595 16.965 
16.69 16.88 16.8325 16.835 16.8825 16.8825 17.1444 
16.88 16.88 17.005 16.9575 17.105 17.055 17.0256 
17.38 17.38 17.625 17.625 17.675 17.995 17.5312 
18.86 18.86 18.86 18.49 18.86 18.86 18.86 
