   1    1    1    2 
   1    2    1    3 
   1    3    1    6 
   1    4    2    3 
   1    5    2    4 
   1    6    2    5 
   1    7    3    4 
   1    8    3    6 
   1    9    4    5 
   1   10    4    6 
   1   11    5    6 
   1    1 0 1 1 0 0 0 0 1 0 0 0 
   1    2 1 1 0 0 0 1 0 1 0 0 1 
   1    3 1 0 1 0 0 1 0 0 0 0 1 
   1    4 1 1 0 0 0 1 0 1 1 1 0 
   1    5 1 0 1 0 0 1 0 0 1 1 0 
   1    6 0 0 0 0 0 0 0 0 1 1 1 
   1    7 1 1 0 0 1 0 0 1 0 1 0 
   1    8 0 0 0 0 1 1 0 0 0 1 1 
   1    9 1 1 0 0 1 0 0 1 1 0 1 
   1   10 0 0 0 0 1 1 0 0 1 0 0 
   1   11 1 0 1 0 1 0 0 0 1 0 1 
   1   12 1 0 1 0 1 0 0 0 0 1 0 
   1   13 0 0 0 0 0 0 1 1 0 1 0 
   1   14 1 1 0 0 0 1 1 0 0 1 1 
   1   15 0 0 0 0 0 0 1 1 1 0 1 
   1   16 1 0 1 0 0 1 1 1 1 0 0 
   1   17 1 1 0 0 0 1 1 0 1 0 0 
   1   18 0 1 1 0 0 0 1 0 1 0 1 
   1   19 1 0 1 0 1 0 1 1 0 0 0 
   1   20 0 0 0 0 1 1 1 1 0 0 1 
   1   21 0 1 1 0 1 1 1 0 0 0 1 
   1   22 1 1 0 0 1 0 1 0 0 0 0 
   1   23 0 1 1 0 0 0 1 0 0 1 0 
   1   24 1 0 1 1 0 0 0 1 0 0 0 
   1   25 0 0 0 1 0 1 0 1 0 0 1 
   1   26 0 1 1 1 0 1 0 0 0 0 1 
   1   27 0 0 0 1 0 1 0 1 1 1 0 
   1   28 0 1 1 1 0 1 0 0 1 1 0 
   1   29 0 0 0 1 1 0 0 1 0 1 0 
   1   30 0 0 0 1 1 0 0 1 1 0 1 
   1   31 0 1 1 1 1 0 0 0 1 0 1 
   1   32 0 1 1 1 1 0 0 0 0 1 0 
   1   33 0 0 0 1 0 1 1 0 0 1 1 
   1   34 0 0 0 1 0 1 1 0 1 0 0 
   1   35 1 0 1 1 0 0 1 0 1 0 1 
   1   36 0 0 0 1 1 0 1 0 0 0 0 
   1   37 1 0 1 1 0 0 1 0 0 1 0 
   1   38 1 1 0 1 0 0 0 0 0 0 0 
