   1    2    1    2    1    1    1  1.00    0    0    0    0    0 
   1    3    1    3    3    1    2  3.00    0    1    0    0    0 
   1    3    1    3    3    2    3  6.50    0    1    0    0    1 
   1    3    1    3    3    3    4 13.00    0    1    0    1    1 
   1    4    1    4    3    1    2  4.00    0    1    0    0    0 
   1    4    1    4    3    2    3 10.00    0    1    1    0    0 
   1    4    1    4    3    3    4 13.50    0    1    1    0    1 
   1    5    1    5    3    1    2  1.50    0    1    0    0    0 
   1    5    1    5    3    2    3  8.00    0    1    0    1    0 
   1    5    1    5    3    3    4 14.00    0    1    1    1    0 
   2    1    2    1    3    1    2  8.00    0    0    1    0    0 
   2    1    2    1    3    2    3 11.50    0    0    1    0    1 
   2    1    2    1    3    3    4 18.00    0    0    1    1    1 
   2    3    2    3    3    1    1  2.00    0    0    0    0    0 
   2    3    2    3    3    2    2  5.50    0    0    0    0    1 
   2    3    2    3    3    3    3 12.00    0    0    0    1    1 
   2    4    2    4    3    1    1  3.00    0    0    0    0    0 
   2    4    2    4    3    2    2  9.00    0    0    1    0    0 
   2    4    2    4    3    3    3 12.50    0    0    1    0    1 
   2    5    2    5    3    1    1  0.50    0    0    0    0    0 
   2    5    2    5    3    2    2  7.00    0    0    0    1    0 
   2    5    2    5    3    3    3 13.00    0    0    1    1    0 
   3    1    3    1    1    1    1  6.00    0    0    0    0    0 
   3    2    3    2    2    1    1  0.50    0    0    0    0    0 
   3    2    3    2    2    2    2  7.00    1    0    0    0    0 
   3    4    3    4    3    1    2  3.50    0    1    0    0    0 
   3    4    3    4    3    2    1  7.00    0    0    0    0    0 
   3    4    3    4    3    3    3 10.00    1    1    0    0    0 
   3    5    3    5    5    1    2  1.00    0    1    0    0    0 
   3    5    3    5    5    2    3  7.50    1    1    0    0    0 
   3    5    3    5    5    3    3  7.50    0    1    0    1    0 
   3    5    3    5    5    4    2 11.00    0    0    0    1    0 
   3    5    3    5    5    5    4 14.00    1    1    0    1    0 
   4    1    4    1    1    1    3 15.00    0    0    1    0    1 
   4    2    4    2    2    1    3  9.50    0    0    1    0    1 
   4    2    4    2    2    2    4 16.00    1    0    1    0    1 
   4    3    4    3    1    1    2  9.00    0    0    0    0    1 
   4    5    4    5    1    1    1  4.00    0    0    0    0    0 
   5    1    5    1    1    1    2 11.00    0    0    1    0    0 
   5    2    5    2    2    1    2  5.50    0    0    1    0    0 
   5    2    5    2    2    2    3 12.00    1    0    1    0    0 
   5    3    5    3    1    1    1  5.00    0    0    0    0    0 
   5    4    5    4    3    1    3  8.50    0    1    1    0    0 
   5    4    5    4    3    2    2 12.00    0    0    1    0    0 
   5    4    5    4    3    3    4 15.00    1    1    1    0    0 
