   2    2    1    1    50.0000    1    1    50.0000 
   3    3    1    1    50.0000    1    1    50.0000 
   4    4    4    2    30.0000    2    1    60.0000 
   4    4    4    3    10.0000    2   10    55.0000 
   4    4    4    8    20.0000    2   -1     0.0000 
   4    4    4   10    55.0000    2   -1     0.0000 
   5    5    1    3    50.0000    1    1    50.0000 
   6    6    3    3    30.0000    2    1    60.0000 
   6    6    3    7    30.0000    2   11    22.0000 
   6    6    3   11    22.0000    2   -1     0.0000 
   7    7    2    1    20.0000    1    1    60.0000 
   7    7    2    3    40.0000    1   -1     0.0000 
   8    8    2    5    30.0000    1    1    60.0000 
   8    8    2    7    30.0000    1   -1     0.0000 
   9    9    2    1    10.0000    1    1    50.0000 
   9    9    2    4    40.0000    1   -1     0.0000 
