Pattern search test output

Sequence A (case number 1)
  7  3  3  1  3  3  7  7

Pattern: -
  Match: 7
  Match: 3 3
  Match: 1
  Match: 3 3
  Match: 7 7

D Matrix
           7   3   3   1   3   3   7   7 
    ------------------------------------
    |  1   0   0   0   0   0   0   0   0 
  - |  1   1   1   1   1   1   1   1   1 
    |  0   0   0   0   0   0   0   0   0 
    |  0   0   0   0   0   0   0   0   0 

Pattern: 3 3
  Match: 3 3
  Match: 3 3

D Matrix
           7   3   3   1   3   3   7   7 
    ------------------------------------
    |  1   0   0   0   0   0   0   0   0 
  3 |  0   0   1   0   0   1   0   0   0 
  3 |  0   0   0   1   0   0   1   0   0 
    |  0   0   0   0   0   0   0   0   0 

Pattern: 3 * 3
  Match: 3 3 1 3 3

D Matrix
           7   3   3   1   3   3   7   7 
    ------------------------------------
    |  1   0   0   0   0   0   0   0   0 
  3 |  0   0   1   0   0   0   0   0   0 
  * |  0   0   1   1   1   1   1   1   1 
  3 |  0   0   0   1   0   1   1   0   0 

Sequence A (case number 4)
  1  1  3  3  3  3

Pattern: -
  Match: 1 1
  Match: 3 3 3 3

D Matrix
           1   1   3   3   3   3 
    ----------------------------
    |  1   0   0   0   0   0   0 
  - |  1   1   1   1   1   1   1 
    |  0   0   0   0   0   0   0 
    |  0   0   0   0   0   0   0 

Pattern: 3 3
  Match: 3 3
  Match: 3 3

D Matrix
           1   1   3   3   3   3 
    ----------------------------
    |  1   0   0   0   0   0   0 
  3 |  0   0   0   1   0   1   0 
  3 |  0   0   0   0   1   0   1 
    |  0   0   0   0   0   0   0 

Pattern: 3 * 3
  Match: 3 3 3 3

D Matrix
           1   1   3   3   3   3 
    ----------------------------
    |  1   0   0   0   0   0   0 
  3 |  0   0   0   1   0   0   0 
  * |  0   0   0   1   1   1   1 
  3 |  0   0   0   0   1   1   1 

Sequence A (case number 5)
  7  3  3  1  3  3  7  7

Pattern: -
  Match: 7
  Match: 3 3
  Match: 1
  Match: 3 3
  Match: 7 7

D Matrix
           7   3   3   1   3   3   7   7 
    ------------------------------------
    |  1   0   0   0   0   0   0   0   0 
  - |  1   1   1   1   1   1   1   1   1 
    |  0   0   0   0   0   0   0   0   0 
    |  0   0   0   0   0   0   0   0   0 

Pattern: 3 3
  Match: 3 3
  Match: 3 3

D Matrix
           7   3   3   1   3   3   7   7 
    ------------------------------------
    |  1   0   0   0   0   0   0   0   0 
  3 |  0   0   1   0   0   1   0   0   0 
  3 |  0   0   0   1   0   0   1   0   0 
    |  0   0   0   0   0   0   0   0   0 

Pattern: 3 * 3
  Match: 3 3 1 3 3

D Matrix
           7   3   3   1   3   3   7   7 
    ------------------------------------
    |  1   0   0   0   0   0   0   0   0 
  3 |  0   0   1   0   0   0   0   0   0 
  * |  0   0   1   1   1   1   1   1   1 
  3 |  0   0   0   1   0   1   1   0   0 

