    1.0000    18.6000   345.9600    31.1000 
    1.0000    21.7000   470.8900    39.3000 
    1.0000    22.5000   506.2500    41.1000 
    1.0000    24.8000   615.0400    43.9000 
    1.0000    23.3000   542.8900    41.6000 
    1.0000    16.5000   272.2500    45.1000 
    1.0000    27.7000   767.2900    50.6000 
    1.0000    28.7000   823.6901    51.9000 
    1.0000    27.2000   739.8400    50.2000 
    1.0000    30.3000   918.0900    52.9000 
    1.0000    30.9000   954.8100    53.8000 
    1.0000    30.9000   954.8100    54.9000 
    1.0000    33.4000  1115.5601    58.2000 
    1.0000    35.0000  1225.0000    60.0000 
    1.0000    37.3000  1391.2899    63.4000 
    1.0000    41.0000  1681.0000    68.2000 
    1.0000    44.9000  2016.0101    78.0000 
    1.0000    46.5000  2162.2500    84.7000 
    1.0000    50.2000  2520.0400    90.6000 
    1.0000    53.5000  2862.2500    98.2000 
    1.0000    52.8000  2787.8398   101.6000 
    1.0000    55.9000  3124.8101   102.6000 
    1.0000    63.0000  3969.0000   108.2000 
    1.0000    72.9000  5314.4102   124.6000 
    1.0000    84.8000  7191.0405   157.8000 
    1.0000    86.4000  7464.9604   159.9000 
    1.0000    98.8000  9761.4404   175.2000 
    1.0000   113.2000 12814.2393   189.2000 
    1.0000   126.9000 16103.6104   210.4000 
    1.0000   143.9000 20707.2090   240.9000 
    1.0000   154.4000 23839.3574   264.1000 
    1.0000   168.1000 28257.6113   282.1000 
    1.0000   159.2000 25344.6387   264.6000 
    1.0000   170.6000 29104.3613   260.4000 
