# Life table. SN 1. Origin state 0. 
# Cases: 600  weighted: 600

# Start of          Number   Number   Exposed     D-State 1      D-State 2      D-State 3    
# Interval Midpoint Entering Censored   to Risk Events   Prob  Events   Prob  Events   Prob  
      0.00    15.00      600       28     586.0     47 0.08020    109 0.18601     67 0.11433 
     30.00    45.00      349       23     337.5     14 0.04148     60 0.17778     39 0.11556 
     60.00    75.00      213       15     205.5     13 0.06326     18 0.08759     20 0.09732 
     90.00   105.00      147       16     139.0      3 0.02158     13 0.09353      9 0.06475 
    120.00   135.00      106       15      98.5      4 0.04061     11 0.11168      9 0.09137 
    150.00   165.00       67        5      64.5      2 0.03101      4 0.06202      3 0.04651 
    180.00   195.00       53        9      48.5      0 0.00000      3 0.06186      1 0.02062 
    210.00   225.00       40        5      37.5      0 0.00000      0 0.00000      3 0.08000 
    240.00   255.00       32        5      29.5      0 0.00000      0 0.00000      0 0.00000 
    270.00   285.00       27        7      23.5      0 0.00000      0 0.00000      2 0.08511 
    300.00   315.00       18        5      15.5      1 0.06452      0 0.00000      1 0.06452 
    330.00   345.00       11        1      10.5      0 0.00000      1 0.09524      1 0.09524 
    360.00   375.00        8        3       6.5      0 0.00000      0 0.00000      0 0.00000 
    390.00   405.00        5        4       3.0      0 0.00000      0 0.00000      0 0.00000 
    420.00   435.00        1        1       0.5      0 0.00000      0 0.00000      0 0.00000 

# Start of               Survivor       D-State 1       D-State 2       D-State 3    
# Interval Midpoint Function  Error Density    Rate Density    Rate Density    Rate 
      0.00    15.00 1.00000 0.00000 0.00267 0.00330 0.00620 0.00766 0.00381 0.00471 
     30.00    45.00 0.61945 0.02006 0.00086 0.00166 0.00367 0.00712 0.00239 0.00463 
     60.00    75.00 0.41205 0.02077 0.00087 0.00241 0.00120 0.00333 0.00134 0.00370 
     90.00   105.00 0.30979 0.01995 0.00022 0.00079 0.00097 0.00343 0.00067 0.00237 
    120.00   135.00 0.25407 0.01922 0.00034 0.00154 0.00095 0.00424 0.00077 0.00347 
    150.00   165.00 0.19217 0.01822 0.00020 0.00111 0.00040 0.00222 0.00030 0.00167 
    180.00   195.00 0.16535 0.01774 0.00000 0.00000 0.00034 0.00215 0.00011 0.00072 
    210.00   225.00 0.15172 0.01754 0.00000 0.00000 0.00000 0.00000 0.00040 0.00278 
    240.00   255.00 0.13958 0.01748 0.00000 0.00000 0.00000 0.00000 0.00000 0.00000 
    270.00   285.00 0.13958 0.01748 0.00000 0.00000 0.00000 0.00000 0.00040 0.00296 
    300.00   315.00 0.12770 0.01790 0.00027 0.00230 0.00000 0.00000 0.00027 0.00230 
    330.00   345.00 0.11122 0.01900 0.00000 0.00000 0.00035 0.00351 0.00035 0.00351 
    360.00   375.00 0.09004 0.02045 0.00000 0.00000 0.00000 0.00000 0.00000 0.00000 
    390.00   405.00 0.09004 0.02045 0.00000 0.00000 0.00000 0.00000 0.00000 0.00000 
    420.00   435.00 0.09004 0.02045 0.00000 0.00000 0.00000 0.00000 0.00000 0.00000 
# Median duration: 47.28

