# Life table. SN 1. Origin state 0. 
# Cases: 600  weighted: 600

# Start of          Number   Number   Exposed     D-State 1    
# Interval Midpoint Entering Censored   to Risk Events   Prob  
      0.00    15.00      600       28     586.0    223 0.38055 
     30.00    45.00      349       23     337.5    113 0.33481 
     60.00    75.00      213       15     205.5     51 0.24818 
     90.00   105.00      147       16     139.0     25 0.17986 
    120.00   135.00      106       15      98.5     24 0.24365 
    150.00   165.00       67        5      64.5      9 0.13953 
    180.00   195.00       53        9      48.5      4 0.08247 
    210.00   225.00       40        5      37.5      3 0.08000 
    240.00   255.00       32        5      29.5      0 0.00000 
    270.00   285.00       27        7      23.5      2 0.08511 
    300.00   315.00       18        5      15.5      2 0.12903 
    330.00   345.00       11        1      10.5      2 0.19048 
    360.00   375.00        8        3       6.5      0 0.00000 
    390.00   405.00        5        4       3.0      0 0.00000 
    420.00   435.00        1        1       0.5      0 0.00000 

# Start of               Survivor       D-State 1       D-State 1    
# Interval Midpoint Function  Error Density   Error    Rate   Error
      0.00    15.00 1.00000 0.00000 0.01268 0.00067 0.01567 0.00102 
     30.00    45.00 0.61945 0.02006 0.00691 0.00058 0.01340 0.00124 
     60.00    75.00 0.41205 0.02077 0.00341 0.00045 0.00944 0.00131 
     90.00   105.00 0.30979 0.01995 0.00186 0.00036 0.00659 0.00131 
    120.00   135.00 0.25407 0.01922 0.00206 0.00040 0.00925 0.00187 
    150.00   165.00 0.19217 0.01822 0.00089 0.00029 0.00500 0.00166 
    180.00   195.00 0.16535 0.01774 0.00045 0.00022 0.00287 0.00143 
    210.00   225.00 0.15172 0.01754 0.00040 0.00023 0.00278 0.00160 
    240.00   255.00 0.13958 0.01748 0.00000       * 0.00000       * 
    270.00   285.00 0.13958 0.01748 0.00040 0.00027 0.00296 0.00209 
    300.00   315.00 0.12770 0.01790 0.00055 0.00037 0.00460 0.00324 
    330.00   345.00 0.11122 0.01900 0.00071 0.00047 0.00702 0.00493 
    360.00   375.00 0.09004 0.02045 0.00000       * 0.00000       * 
    390.00   405.00 0.09004 0.02045 0.00000       * 0.00000       * 
    420.00   435.00 0.09004 0.02045 0.00000       * 0.00000       * 
# Median duration: 47.28

