# SN 1. Transition: 0,1 - Product-Limit Estimation

# Group: MEN
#                      Number  Number    Exposed  Survivor   Std.    Cum. 
# ID Index      Time   Events  Censored  to Risk  Function  Error    Rate 
   0     0      0.00        0        0       348  1.00000 0.00000 0.00000 
   0     1      2.00        1        0       348  0.99713 0.00287 0.00288 
   0     2      3.00        2        1       346  0.99136 0.00497 0.00867 
   0     3      4.00        8        2       342  0.96817 0.00944 0.03234 
   0     4      6.00        6        0       334  0.95078 0.01164 0.05047 
   0     5      7.00        7        0       328  0.93049 0.01369 0.07204 
   0     6      8.00        5        0       321  0.91600 0.01493 0.08774 
   0     7      9.00        4        2       314  0.90433 0.01584 0.10056 
   0     8     10.00        4        1       309  0.89262 0.01668 0.11359 
   0     9     11.00        2        4       301  0.88669 0.01709 0.12026 
   0    10     12.00       10        0       299  0.85703 0.01892 0.15428 
   0    11     13.00        4        1       288  0.84513 0.01957 0.16826 
   0    12     14.00        4        1       283  0.83319 0.02018 0.18250 
   0    13     15.00        3        0       279  0.82423 0.02062 0.19331 
   0    14     16.00        3        0       276  0.81527 0.02103 0.20424 
   0    15     17.00        6        0       273  0.79735 0.02180 0.22646 
   0    16     18.00        1        0       267  0.79436 0.02193 0.23021 
   0    17     19.00        3        0       266  0.78540 0.02228 0.24156 
   0    18     20.00        8        0       263  0.76151 0.02315 0.27245 
   0    19     21.00        2        0       255  0.75554 0.02335 0.28032 
   0    20     22.00        2        0       253  0.74957 0.02354 0.28826 
   0    21     23.00        4        0       251  0.73762 0.02391 0.30432 
   0    22     24.00       12        0       247  0.70179 0.02489 0.35412 
   0    23     25.00        5        0       235  0.68686 0.02524 0.37563 
   0    24     26.00        4        1       229  0.67486 0.02550 0.39325 
   0    25     27.00        5        0       225  0.65986 0.02580 0.41573 
   0    26     28.00        4        0       220  0.64786 0.02602 0.43407 
   0    27     29.00        3        0       216  0.63887 0.02617 0.44806 
   0    28     30.00        2        1       212  0.63284 0.02627 0.45754 
   0    29     31.00        2        2       208  0.62675 0.02637 0.46720 
   0    30     32.00        5        1       205  0.61147 0.02660 0.49189 
   0    31     33.00        1        0       200  0.60841 0.02664 0.49691 
   0    32     34.00        2        0       199  0.60230 0.02672 0.50701 
   0    33     35.00        4        2       195  0.58994 0.02688 0.52773 
   0    34     36.00        1        1       190  0.58684 0.02691 0.53301 
   0    35     37.00        1        1       188  0.58371 0.02695 0.53834 
   0    36     38.00        2        0       187  0.57747 0.02702 0.54910 
   0    37     39.00        2        2       183  0.57116 0.02709 0.56009 
   0    38     40.00        2        3       178  0.56474 0.02716 0.57139 
   0    39     41.00        1        0       176  0.56153 0.02720 0.57708 
   0    40     42.00        1        1       174  0.55831 0.02723 0.58285 
   0    41     44.00        4        0       173  0.54540 0.02736 0.60624 
   0    42     45.00        1        0       169  0.54217 0.02739 0.61218 
   0    43     48.00        2        1       167  0.53568 0.02744 0.62422 
   0    44     50.00        1        1       164  0.53241 0.02747 0.63034 
   0    45     51.00        2        1       162  0.52584 0.02752 0.64276 
   0    46     53.00        1        0       160  0.52255 0.02754 0.64903 
   0    47     54.00        6        0       159  0.50283 0.02765 0.68750 
   0    48     55.00        2        0       153  0.49626 0.02768 0.70066 
   0    49     56.00        1        0       151  0.49297 0.02769 0.70730 
   0    50     57.00        1        1       149  0.48966 0.02770 0.71403 
   0    51     58.00        1        0       148  0.48636 0.02771 0.72081 
   0    52     59.00        2        2       145  0.47965 0.02773 0.73470 
   0    53     60.00        2        1       142  0.47289 0.02775 0.74889 
   0    54     61.00        2        0       140  0.46614 0.02776 0.76328 
   0    55     62.00        2        0       138  0.45938 0.02777 0.77788 
   0    56     66.00        3        2       134  0.44910 0.02777 0.80052 
   0    57     67.00        1        2       129  0.44561 0.02778 0.80830 
   0    58     68.00        2        1       127  0.43860 0.02778 0.82417 
   0    59     69.00        1        0       125  0.43509 0.02778 0.83221 
   0    60     70.00        2        0       124  0.42807 0.02777 0.84847 
   0    61     72.00        3        1       121  0.41746 0.02775 0.87357 
   0    62     73.00        1        1       117  0.41389 0.02774 0.88216 
   0    63     74.00        1        1       115  0.41029 0.02773 0.89089 
   0    64     75.00        2        0       114  0.40309 0.02771 0.90859 
   0    65     76.00        1        0       112  0.39949 0.02769 0.91756 
   0    66     77.00        1        0       111  0.39589 0.02768 0.92661 
   0    67     78.00        1        0       110  0.39230 0.02766 0.93574 
   0    68     80.00        1        1       108  0.38866 0.02764 0.94504 
   0    69     81.00        1        0       107  0.38503 0.02762 0.95443 
   0    70     86.00        1        0       106  0.38140 0.02760 0.96391 
   0    71     92.00        1        2       103  0.37770 0.02757 0.97367 
   0    72     96.00        3        0       102  0.36659 0.02750 1.00352 
   0    73     97.00        1        0        99  0.36288 0.02747 1.01367 
   0    74     98.00        2        0        98  0.35548 0.02740 1.03429 
   0    75    105.00        1        3        93  0.35166 0.02737 1.04510 
   0    76    108.00        2        4        88  0.34366 0.02733 1.06809 
   0    77    110.00        1        1        85  0.33962 0.02731 1.07993 
   0    78    112.00        1        1        83  0.33553 0.02728 1.09205 
   0    79    119.00        2        1        81  0.32724 0.02723 1.11705 
   0    80    121.00        3        0        79  0.31482 0.02712 1.15576 
   0    81    122.00        1        1        75  0.31062 0.02709 1.16919 
   0    82    127.00        1        3        71  0.30624 0.02705 1.18337 
   0    83    129.00        1        2        68  0.30174 0.02703 1.19819 
   0    84    133.00        1        1        66  0.29717 0.02700 1.21345 
   0    85    137.00        2        0        65  0.28803 0.02694 1.24471 
   0    86    138.00        1        0        63  0.28345 0.02689 1.26071 
   0    87    141.00        1        1        61  0.27881 0.02685 1.27724 
   0    88    142.00        2        0        60  0.26951 0.02675 1.31114 
   0    89    146.00        1        2        56  0.26470 0.02670 1.32916 
   0    90    148.00        1        2        53  0.25971 0.02666 1.34820 
   0    91    150.00        1        0        52  0.25471 0.02661 1.36762 
   0    92    151.00        1        0        51  0.24972 0.02655 1.38743 
   0    93    154.00        1        0        50  0.24472 0.02649 1.40763 
   0    94    163.00        1        2        47  0.23952 0.02643 1.42913 
   0    95    170.00        2        0        46  0.22910 0.02629 1.47359 
   0    96    176.00        1        2        42  0.22365 0.02622 1.49768 
   0    97    184.00        1        0        41  0.21819 0.02614 1.52238 
   0    98    194.00        1        0        40  0.21274 0.02605 1.54769 
   0    99    209.00        1        5        34  0.20648 0.02603 1.57755 
   0   100    215.00        1        0        33  0.20022 0.02598 1.60832 
   0   101    275.00        1       10        22  0.19112 0.02634 1.65484 
   0   102    312.00        1        7        14  0.17747 0.02778 1.72895 
   0   103    326.00        1        1        12  0.16268 0.02913 1.81596 
   0   104    332.00        1        1        10  0.14641 0.03042 1.92132 
   0   105    350.00        1        1         8  0.12811 0.03165 2.05485 
#  0   106    428.00        0        7
# Median Duration: 54.43
# Duration times limited to: 350
# Cases: 348  weighted: 348

# SN 1. Transition: 0,1 - Product-Limit Estimation

# Group: WOMEN
#                      Number  Number    Exposed  Survivor   Std.    Cum. 
# ID Index      Time   Events  Censored  to Risk  Function  Error    Rate 
   1     0      0.00        0        0       252  1.00000 0.00000 0.00000 
   1     1      2.00        1        0       252  0.99603 0.00396 0.00398 
   1     2      3.00        3        0       251  0.98413 0.00787 0.01600 
   1     3      4.00        1        0       248  0.98016 0.00878 0.02004 
   1     4      5.00        3        0       247  0.96825 0.01104 0.03226 
   1     5      6.00        4        1       243  0.95232 0.01343 0.04886 
   1     6      7.00        2        0       239  0.94435 0.01445 0.05726 
   1     7      8.00        1        1       236  0.94034 0.01494 0.06151 
   1     8      9.00        3        1       234  0.92829 0.01629 0.07441 
   1     9     10.00        4        0       231  0.91222 0.01788 0.09188 
   1    10     11.00        2        0       227  0.90418 0.01860 0.10073 
   1    11     12.00       14        0       225  0.84792 0.02272 0.16497 
   1    12     13.00        4        0       211  0.83184 0.02367 0.18411 
   1    13     14.00        6        2       205  0.80750 0.02498 0.21382 
   1    14     15.00        3        1       198  0.79526 0.02558 0.22908 
   1    15     16.00        1        0       195  0.79118 0.02577 0.23422 
   1    16     17.00        3        0       194  0.77895 0.02632 0.24981 
   1    17     18.00        5        0       191  0.75856 0.02717 0.27634 
   1    18     19.00        5        0       186  0.73817 0.02793 0.30359 
   1    19     20.00        1        1       180  0.73407 0.02807 0.30916 
   1    20     21.00        1        0       179  0.72996 0.02821 0.31476 
   1    21     22.00        2        0       178  0.72176 0.02848 0.32606 
   1    22     23.00        1        1       175  0.71764 0.02862 0.33179 
   1    23     24.00       10        1       173  0.67616 0.02982 0.39133 
   1    24     25.00        7        0       163  0.64712 0.03049 0.43523 
   1    25     26.00        5        2       154  0.62611 0.03092 0.46823 
   1    26     27.00        2        0       149  0.61770 0.03107 0.48175 
   1    27     28.00        6        2       145  0.59214 0.03148 0.52400 
   1    28     29.00        1        1       138  0.58785 0.03155 0.53128 
   1    29     30.00        3        0       137  0.57498 0.03172 0.55342 
   1    30     31.00        3        0       134  0.56211 0.03187 0.57606 
   1    31     32.00        3        0       131  0.54924 0.03199 0.59923 
   1    32     33.00        2        0       128  0.54065 0.03206 0.61498 
   1    33     34.00        2        0       126  0.53207 0.03212 0.63098 
   1    34     35.00        2        0       124  0.52349 0.03217 0.64724 
   1    35     36.00        9        0       122  0.48487 0.03227 0.72387 
   1    36     37.00        3        0       113  0.47200 0.03226 0.75078 
   1    37     38.00        4        0       110  0.45484 0.03221 0.78782 
   1    38     39.00        3        0       106  0.44196 0.03214 0.81653 
   1    39     40.00        1        0       103  0.43767 0.03212 0.82629 
   1    40     41.00        2        1       101  0.42901 0.03206 0.84629 
   1    41     43.00        2        0        99  0.42034 0.03199 0.86670 
   1    42     44.00        1        1        96  0.41596 0.03196 0.87717 
   1    43     46.00        2        1        94  0.40711 0.03188 0.89867 
   1    44     47.00        2        0        92  0.39826 0.03180 0.92065 
   1    45     48.00        4        0        90  0.38056 0.03159 0.96611 
   1    46     49.00        1        0        86  0.37613 0.03153 0.97781 
   1    47     50.00        2        0        85  0.36728 0.03141 1.00162 
   1    48     51.00        1        0        83  0.36286 0.03134 1.01374 
   1    49     53.00        3        0        82  0.34958 0.03112 1.05101 
   1    50     54.00        4        0        79  0.33188 0.03077 1.10297 
   1    51     55.00        3        0        75  0.31861 0.03048 1.14380 
   1    52     59.00        1        0        72  0.31418 0.03038 1.15778 
   1    53     60.00        7        0        71  0.28321 0.02955 1.26158 
   1    54     62.00        1        0        64  0.27878 0.02942 1.27733 
   1    55     63.00        1        0        63  0.27436 0.02928 1.29333 
   1    56     67.00        1        0        62  0.26993 0.02914 1.30959 
   1    57     68.00        1        0        61  0.26551 0.02900 1.32612 
   1    58     70.00        2        2        58  0.25635 0.02871 1.36121 
   1    59     71.00        1        1        55  0.25169 0.02857 1.37956 
   1    60     72.00        1        0        54  0.24703 0.02842 1.39825 
   1    61     75.00        1        1        52  0.24228 0.02826 1.41767 
   1    62     81.00        2        1        50  0.23259 0.02795 1.45849 
   1    63     83.00        1        0        48  0.22774 0.02779 1.47954 
   1    64     87.00        3        0        47  0.21321 0.02725 1.54550 
   1    65     89.00        1        1        43  0.20825 0.02706 1.56903 
   1    66     96.00        1        0        42  0.20329 0.02687 1.59313 
   1    67     97.00        1        0        41  0.19833 0.02667 1.61782 
   1    68    100.00        1        0        40  0.19337 0.02646 1.64314 
   1    69    102.00        1        1        38  0.18828 0.02625 1.66981 
   1    70    108.00        2        0        37  0.17811 0.02580 1.72538 
   1    71    111.00        1        0        35  0.17302 0.02556 1.75436 
   1    72    112.00        1        0        34  0.16793 0.02531 1.78422 
   1    73    117.00        1        1        32  0.16268 0.02505 1.81597 
   1    74    118.00        1        1        30  0.15726 0.02480 1.84987 
   1    75    119.00        1        0        29  0.15184 0.02453 1.88496 
   1    76    120.00        1        1        27  0.14621 0.02426 1.92270 
   1    77    121.00        1        0        26  0.14059 0.02397 1.96192 
   1    78    123.00        2        0        25  0.12934 0.02333 2.04530 
   1    79    127.00        1        1        22  0.12346 0.02300 2.09182 
   1    80    129.00        1        0        21  0.11758 0.02264 2.14061 
   1    81    135.00        1        1        19  0.11139 0.02228 2.19468 
   1    82    141.00        1        0        18  0.10521 0.02189 2.25184 
   1    83    144.00        1        0        17  0.09902 0.02146 2.31246 
   1    84    160.00        1        2        14  0.09194 0.02106 2.38657 
   1    85    178.00        1        0        13  0.08487 0.02059 2.46661 
   1    86    185.00        1        0        12  0.07780 0.02005 2.55362 
   1    87    210.00        1        4         7  0.06668 0.02003 2.70778 
   1    88    220.00        1        0         6  0.05557 0.01954 2.89010 
   1    89    293.00        1        2         3  0.03705 0.01996 3.29556 
#  1    90    407.00        0        2
# Median Duration: 35.61
# Duration times limited to: 293
# Cases: 252  weighted: 252

