# residuals created by lsreg command.
# c1   : case number
# c2   : constant one
# c3   : Height
# c4   : Weight (dependent)
# c5   : predicted
# c6   : residual
# c7   : leverage
# c8   : std. dev. residual
# c9   : stand. residual

     1       1.0000      69.0000     112.5000     126.0062     -13.5062       0.1465      10.3716      -1.3022 
     2       1.0000      56.5000      84.0000      77.2683       6.7317       0.1246      10.5034       0.6409 
     3       1.0000      65.3000      98.0000     111.5798     -13.5798       0.0712      10.8193      -1.2551 
     4       1.0000      62.8000     102.5000     101.8322       0.6678       0.0531      10.9242       0.0611 
     5       1.0000      63.5000     102.5000     104.5615      -2.0615       0.0555      10.9103      -0.1889 
     6       1.0000      57.3000      83.0000      80.3875       2.6125       0.1062      10.6131       0.2462 
     7       1.0000      59.8000      84.5000      90.1351      -5.6351       0.0662      10.8481      -0.5195 
     8       1.0000      62.5000     112.5000     100.6625      11.8375       0.0527      10.9265       1.0834 
     9       1.0000      62.5000      84.0000     100.6625     -16.6625       0.0527      10.9265      -1.5250 
    10       1.0000      59.0000      99.5000      87.0159      12.4841       0.0762      10.7903       1.1570 
    11       1.0000      51.3000      50.5000      56.9933      -6.4933       0.3101       9.3247      -0.6964 
    12       1.0000      64.3000      90.0000     107.6807     -17.6807       0.0608      10.8798      -1.6251 
    13       1.0000      56.3000      77.0000      76.4885       0.5115       0.1297      10.4732       0.0488 
    14       1.0000      66.5000     112.0000     116.2586      -4.2586       0.0893      10.7135      -0.3975 
    15       1.0000      72.0000     150.0000     137.7033      12.2967       0.2500       9.7224       1.2648 
    16       1.0000      64.8000     128.0000     109.6303      18.3697       0.0655      10.8526       1.6927 
    17       1.0000      67.0000     133.0000     118.2081      14.7919       0.0986      10.6585       1.3878 
    18       1.0000      57.5000      85.0000      81.1673       3.8327       0.1021      10.6379       0.3603 
    19       1.0000      66.5000     112.0000     116.2586      -4.2586       0.0893      10.7135      -0.3975 
