# residuals created by lsreg command.
# c1   : case number
# c2   : constant one
# c3   : S
# c4   : SS
# c5   : I (dependent)
# c6   : predicted
# c7   : residual
# c8   : leverage
# c9   : std. dev. residual
# c10  : stand. residual

     1   1.000000e+00   1.860000e+01   3.459600e+02   3.110000e+01   3.325914e+01  -2.159141e+00   1.012028e-01   5.597127e+00  -3.857587e-01 
     2   1.000000e+00   2.170000e+01   4.708900e+02   3.930000e+01   3.907056e+01   2.294424e-01   8.187156e-02   5.656998e+00   4.055904e-02 
     3   1.000000e+00   2.250000e+01   5.062500e+02   4.110000e+01   4.056459e+01   5.354109e-01   7.757750e-02   5.670211e+00   9.442521e-02 
     4   1.000000e+00   2.480000e+01   6.150400e+02   4.390000e+01   4.484693e+01  -9.469288e-01   6.670898e-02   5.703518e+00  -1.660254e-01 
     5   1.000000e+00   2.330000e+01   5.428900e+02   4.160000e+01   4.205628e+01  -4.562864e-01   7.355330e-02   5.682566e+00  -8.029583e-02 
     6   1.000000e+00   1.650000e+01   2.722500e+02   4.510000e+01   2.930247e+01   1.579753e+01   1.168982e-01   5.548041e+00   2.847407e+00 
     7   1.000000e+00   2.770000e+01   7.672900e+02   5.060000e+01   5.021892e+01   3.810792e-01   5.591017e-02   5.736420e+00   6.643153e-02 
     8   1.000000e+00   2.870000e+01   8.236901e+02   5.190000e+01   5.206422e+01  -1.642169e-01   5.288085e-02   5.745616e+00  -2.858125e-02 
     9   1.000000e+00   2.720000e+01   7.398400e+02   5.020000e+01   4.929490e+01   9.050983e-01   5.755421e-02   5.731423e+00   1.579186e-01 
    10   1.000000e+00   3.030000e+01   9.180900e+02   5.290000e+01   5.500911e+01  -2.109109e+00   4.872245e-02   5.758216e+00  -3.662782e-01 
    11   1.000000e+00   3.090000e+01   9.548100e+02   5.380000e+01   5.611104e+01  -2.311041e+00   4.737211e-02   5.762301e+00  -4.010622e-01 
    12   1.000000e+00   3.090000e+01   9.548100e+02   5.490000e+01   5.611104e+01  -1.211039e+00   4.737211e-02   5.762301e+00  -2.101658e-01 
    13   1.000000e+00   3.340000e+01   1.115560e+03   5.820000e+01   6.068829e+01  -2.488286e+00   4.289406e-02   5.775829e+00  -4.308102e-01 
    14   1.000000e+00   3.500000e+01   1.225000e+03   6.000000e+01   6.360576e+01  -3.605760e+00   4.093490e-02   5.781737e+00  -6.236465e-01 
    15   1.000000e+00   3.730000e+01   1.391290e+03   6.340000e+01   6.778328e+01  -4.383277e+00   3.924080e-02   5.786841e+00  -7.574559e-01 
    16   1.000000e+00   4.100000e+01   1.681000e+03   6.820000e+01   7.446317e+01  -6.263169e+00   3.896241e-02   5.787680e+00  -1.082155e+00 
    17   1.000000e+00   4.490000e+01   2.016010e+03   7.800000e+01   8.145010e+01  -3.450095e+00   4.139221e-02   5.780358e+00  -5.968653e-01 
    18   1.000000e+00   4.650000e+01   2.162250e+03   8.470000e+01   8.430048e+01   3.995157e-01   4.305610e-02   5.775340e+00   6.917614e-02 
    19   1.000000e+00   5.020000e+01   2.520040e+03   9.060000e+01   9.085626e+01  -2.562581e-01   4.809636e-02   5.760110e+00  -4.448841e-02 
    20   1.000000e+00   5.350000e+01   2.862250e+03   9.820000e+01   9.666118e+01   1.538812e+00   5.369560e-02   5.743144e+00   2.679390e-01 
    21   1.000000e+00   5.280000e+01   2.787840e+03   1.016000e+02   9.543315e+01   6.166846e+00   5.243745e-02   5.746961e+00   1.073062e+00 
    22   1.000000e+00   5.590000e+01   3.124810e+03   1.026000e+02   1.008580e+02   1.741983e+00   5.823971e-02   5.729338e+00   3.040461e-01 
    23   1.000000e+00   6.300000e+01   3.969000e+03   1.082000e+02   1.131507e+02  -4.950667e+00   7.291969e-02   5.684509e+00  -8.709050e-01 
    24   1.000000e+00   7.290000e+01   5.314410e+03   1.246000e+02   1.299843e+02  -5.384310e+00   9.303336e-02   5.622506e+00  -9.576351e-01 
    25   1.000000e+00   8.480000e+01   7.191041e+03   1.578000e+02   1.497458e+02   8.054248e+00   1.109102e-01   5.566819e+00   1.446831e+00 
    26   1.000000e+00   8.640000e+01   7.464960e+03   1.599000e+02   1.523634e+02   7.536618e+00   1.125428e-01   5.561706e+00   1.355091e+00 
    27   1.000000e+00   9.880000e+01   9.761440e+03   1.752000e+02   1.723335e+02   2.866516e+00   1.182828e-01   5.543690e+00   5.170773e-01 
    28   1.000000e+00   1.132000e+02   1.281424e+04   1.892000e+02   1.948210e+02  -5.621014e+00   1.118859e-01   5.563764e+00  -1.010290e+00 
    29   1.000000e+00   1.269000e+02   1.610361e+04   2.104000e+02   2.155136e+02  -5.113606e+00   1.020666e-01   5.594436e+00  -9.140520e-01 
    30   1.000000e+00   1.439000e+02   2.070721e+04   2.409000e+02   2.402391e+02   6.609225e-01   1.112672e-01   5.565701e+00   1.187492e-01 
    31   1.000000e+00   1.544000e+02   2.383936e+04   2.641000e+02   2.549843e+02   9.115711e+00   1.482133e-01   5.448786e+00   1.672980e+00 
    32   1.000000e+00   1.681000e+02   2.825761e+04   2.821000e+02   2.736189e+02   8.481102e+00   2.615035e-01   5.073510e+00   1.671644e+00 
    33   1.000000e+00   1.592000e+02   2.534464e+04   2.646000e+02   2.615911e+02   3.008919e+00   1.779296e-01   5.352896e+00   5.621105e-01 
    34   1.000000e+00   1.706000e+02   2.910436e+04   2.604000e+02   2.769455e+02  -1.654555e+01   2.928713e-01   4.964591e+00  -3.332711e+00 
